12 0.208804 0.262048 0.079007 0.186747
1 0.284424 0.260542 0.072235 0.183735
28 0.364560 0.263554 0.069977 0.183735
4 0.442438 0.263554 0.081264 0.189759
21 0.528217 0.268072 0.076749 0.192771
29 0.603837 0.269578 0.074492 0.195783
28 0.679458 0.269578 0.076749 0.195783
30 0.751693 0.271084 0.067720 0.198795
2 0.823928 0.272590 0.072235 0.201807
15 0.895034 0.272590 0.069977 0.201807
12 0.203160 0.621988 0.067720 0.183735
1 0.274266 0.623494 0.074492 0.186747
6 0.348758 0.621988 0.074492 0.183735
4 0.422122 0.623494 0.072235 0.180723
5 0.519187 0.621988 0.063205 0.177711
9 0.590293 0.620482 0.079007 0.180723
2 0.683973 0.621988 0.067720 0.183735
15 0.750564 0.621988 0.065463 0.183735
20 0.819413 0.620482 0.067720 0.180723
26 0.887133 0.620482 0.067720 0.180723
