0 0.317188 0.775000 0.028125 0.058333 
1 0.345313 0.773958 0.025000 0.060417 
2 0.374219 0.779167 0.029687 0.062500 
3 0.404687 0.777083 0.028125 0.062500 
4 0.433594 0.778125 0.026562 0.060417 
4 0.461719 0.781250 0.032813 0.062500 
7 0.489844 0.779167 0.023438 0.066667 
7 0.517969 0.781250 0.026562 0.062500 
6 0.546875 0.785417 0.028125 0.062500 
3 0.575000 0.786458 0.028125 0.064583 
9 0.602344 0.787500 0.026562 0.062500 
10 0.632031 0.786458 0.029687 0.064583 
11 0.661719 0.788542 0.029687 0.064583 
12 0.689844 0.788542 0.026562 0.064583 
13 0.717969 0.790625 0.026562 0.060417 
14 0.745313 0.791667 0.028125 0.062500 
11 0.775000 0.791667 0.028125 0.066667 
