0 0.266406 0.531250 0.026562 0.054167 
1 0.292187 0.528125 0.021875 0.052083 
2 0.321094 0.529167 0.026562 0.058333 
3 0.350000 0.528125 0.028125 0.060417 
4 0.376563 0.530208 0.025000 0.056250 
5 0.406250 0.526042 0.028125 0.056250 
6 0.432812 0.525000 0.028125 0.058333 
7 0.459375 0.521875 0.025000 0.064583 
6 0.486719 0.522917 0.029687 0.062500 
8 0.514844 0.523958 0.026562 0.060417 
9 0.539844 0.520833 0.026562 0.058333 
10 0.570312 0.520833 0.028125 0.062500 
11 0.596094 0.518750 0.026562 0.062500 
12 0.624219 0.516667 0.029687 0.058333 
13 0.652344 0.516667 0.026562 0.058333 
14 0.680469 0.514583 0.026562 0.062500 
11 0.708594 0.512500 0.029687 0.062500 
