0 0.359375 0.632292 0.028125 0.056250 
1 0.385156 0.632292 0.023438 0.060417 
2 0.414844 0.629167 0.029687 0.062500 
3 0.444531 0.629167 0.029687 0.062500 
4 0.473438 0.628125 0.028125 0.060417 
4 0.500781 0.630208 0.029687 0.056250 
7 0.528906 0.626042 0.026562 0.064583 
7 0.557031 0.626042 0.026562 0.064583 
6 0.585938 0.623958 0.028125 0.064583 
3 0.614844 0.621875 0.026562 0.064583 
9 0.639844 0.620833 0.026562 0.062500 
10 0.670312 0.618750 0.028125 0.062500 
11 0.697656 0.615625 0.026562 0.064583 
12 0.727344 0.615625 0.029687 0.060417 
13 0.753906 0.615625 0.026562 0.064583 
14 0.781250 0.613542 0.028125 0.068750 
11 0.807031 0.613542 0.026562 0.072917 
