0 0.295312 0.616667 0.031250 0.054167 
1 0.321094 0.614583 0.023438 0.058333 
2 0.349219 0.611458 0.026562 0.056250 
3 0.378125 0.608333 0.028125 0.058333 
4 0.405469 0.610417 0.029687 0.058333 
5 0.433594 0.604167 0.029687 0.058333 
6 0.462500 0.602083 0.034375 0.062500 
7 0.489844 0.597917 0.023438 0.058333 
6 0.517188 0.596875 0.031250 0.060417 
8 0.545312 0.594792 0.028125 0.060417 
9 0.571094 0.592708 0.026562 0.060417 
10 0.599219 0.586458 0.032813 0.064583 
11 0.628125 0.584375 0.025000 0.068750 
12 0.655469 0.580208 0.029687 0.064583 
13 0.685937 0.580208 0.028125 0.064583 
14 0.713281 0.575000 0.026562 0.058333 
11 0.740625 0.567708 0.028125 0.056250 
