0 0.335156 0.325000 0.026562 0.054167 
1 0.360156 0.325000 0.023438 0.050000 
2 0.387500 0.325000 0.028125 0.050000 
3 0.418750 0.325000 0.028125 0.054167 
4 0.443750 0.326042 0.025000 0.052083 
4 0.471094 0.322917 0.026562 0.050000 
7 0.495312 0.320833 0.025000 0.054167 
7 0.522656 0.319792 0.026562 0.052083 
6 0.550000 0.321875 0.028125 0.052083 
3 0.578125 0.320833 0.028125 0.054167 
9 0.603125 0.321875 0.025000 0.056250 
10 0.631250 0.315625 0.028125 0.052083 
11 0.657813 0.316667 0.028125 0.058333 
12 0.685156 0.317708 0.026562 0.056250 
13 0.710938 0.316667 0.028125 0.058333 
14 0.737500 0.315625 0.025000 0.056250 
11 0.762500 0.313542 0.028125 0.056250 
