0 0.336719 0.322917 0.026562 0.050000 
1 0.360156 0.322917 0.026562 0.054167 
2 0.389062 0.321875 0.031250 0.056250 
3 0.417969 0.321875 0.023438 0.052083 
4 0.442969 0.321875 0.026562 0.052083 
4 0.471094 0.321875 0.032813 0.052083 
7 0.497656 0.318750 0.023438 0.050000 
7 0.521875 0.321875 0.028125 0.056250 
6 0.550000 0.321875 0.031250 0.056250 
3 0.578906 0.318750 0.026562 0.058333 
9 0.603125 0.323958 0.028125 0.064583 
10 0.631250 0.318750 0.028125 0.058333 
11 0.657813 0.318750 0.025000 0.058333 
12 0.684375 0.320833 0.025000 0.058333 
13 0.711719 0.315625 0.026562 0.056250 
14 0.739062 0.319792 0.025000 0.060417 
11 0.764844 0.318750 0.029687 0.058333 
