0 0.362500 0.371875 0.025000 0.052083 
1 0.385937 0.372917 0.025000 0.054167 
2 0.414844 0.372917 0.026562 0.054167 
3 0.442969 0.373958 0.029687 0.056250 
4 0.470313 0.376042 0.028125 0.052083 
4 0.497656 0.377083 0.029687 0.050000 
7 0.524219 0.373958 0.023438 0.052083 
7 0.550000 0.375000 0.025000 0.054167 
6 0.578906 0.375000 0.026562 0.058333 
3 0.605469 0.378125 0.026562 0.056250 
9 0.629687 0.378125 0.025000 0.056250 
10 0.659375 0.378125 0.028125 0.056250 
11 0.686719 0.380208 0.026562 0.064583 
12 0.713281 0.379167 0.026562 0.058333 
13 0.740625 0.380208 0.025000 0.056250 
14 0.766406 0.385417 0.023438 0.058333 
11 0.792969 0.382292 0.029687 0.060417 
