0 0.383594 0.573958 0.029687 0.056250 
1 0.410156 0.575000 0.023438 0.058333 
2 0.439063 0.575000 0.031250 0.062500 
3 0.467969 0.573958 0.029687 0.060417 
4 0.495312 0.573958 0.028125 0.056250 
4 0.523438 0.571875 0.031250 0.056250 
7 0.550781 0.570833 0.026562 0.058333 
7 0.577344 0.568750 0.026562 0.058333 
6 0.606250 0.570833 0.028125 0.062500 
3 0.633594 0.569792 0.029687 0.064583 
9 0.661719 0.566667 0.026562 0.066667 
10 0.691406 0.567708 0.026562 0.064583 
11 0.718750 0.566667 0.031250 0.062500 
12 0.746875 0.564583 0.028125 0.062500 
13 0.771875 0.562500 0.025000 0.058333 
14 0.801562 0.563542 0.028125 0.060417 
11 0.829688 0.560417 0.025000 0.062500 
