0 0.253906 0.850000 0.029687 0.062500 
1 0.281250 0.846875 0.025000 0.060417 
2 0.310937 0.847917 0.028125 0.066667 
3 0.339844 0.846875 0.029687 0.060417 
4 0.368750 0.846875 0.028125 0.060417 
5 0.396875 0.845833 0.028125 0.062500 
6 0.426563 0.843750 0.031250 0.062500 
7 0.454688 0.841667 0.028125 0.062500 
6 0.484375 0.842708 0.031250 0.068750 
8 0.511719 0.840625 0.029687 0.064583 
9 0.537500 0.842708 0.025000 0.064583 
10 0.567969 0.839583 0.029687 0.066667 
11 0.596875 0.837500 0.028125 0.070833 
12 0.627344 0.837500 0.029687 0.070833 
13 0.655469 0.835417 0.026562 0.066667 
14 0.684375 0.833333 0.025000 0.066667 
11 0.713281 0.830208 0.029687 0.068750 
