0 0.361719 0.361458 0.026562 0.056250 
1 0.383594 0.362500 0.023438 0.058333 
2 0.414062 0.359375 0.028125 0.060417 
3 0.443750 0.358333 0.028125 0.058333 
4 0.471094 0.359375 0.026562 0.060417 
4 0.498437 0.359375 0.031250 0.060417 
7 0.524219 0.354167 0.026562 0.058333 
7 0.548438 0.357292 0.025000 0.060417 
6 0.578125 0.352083 0.025000 0.054167 
3 0.605469 0.352083 0.026562 0.054167 
9 0.632031 0.352083 0.023438 0.050000 
10 0.658594 0.348958 0.026562 0.056250 
11 0.685156 0.345833 0.023438 0.058333 
12 0.711719 0.345833 0.026562 0.058333 
13 0.739062 0.346875 0.025000 0.056250 
14 0.764844 0.348958 0.023438 0.056250 
11 0.790625 0.345833 0.031250 0.062500 
