0 0.407031 0.650000 0.032813 0.058333 
1 0.433594 0.650000 0.023438 0.058333 
2 0.462500 0.646875 0.028125 0.060417 
3 0.492969 0.639583 0.029687 0.062500 
4 0.520312 0.639583 0.028125 0.058333 
5 0.546875 0.635417 0.031250 0.062500 
6 0.577344 0.632292 0.029687 0.064583 
7 0.603906 0.629167 0.029687 0.066667 
6 0.632031 0.623958 0.029687 0.060417 
8 0.658594 0.621875 0.026562 0.060417 
9 0.682813 0.617708 0.028125 0.056250 
10 0.713281 0.613542 0.032813 0.056250 
11 0.740625 0.606250 0.025000 0.058333 
12 0.767969 0.602083 0.029687 0.058333 
13 0.797656 0.600000 0.023438 0.062500 
14 0.825781 0.595833 0.029687 0.062500 
11 0.851562 0.595833 0.034375 0.075000 
