0 0.361719 0.375000 0.026562 0.050000 
1 0.385937 0.373958 0.021875 0.052083 
2 0.415625 0.373958 0.031250 0.056250 
3 0.444531 0.373958 0.029687 0.056250 
4 0.469531 0.375000 0.026562 0.054167 
4 0.496094 0.377083 0.029687 0.054167 
7 0.523438 0.377083 0.028125 0.058333 
7 0.549219 0.379167 0.029687 0.058333 
6 0.578125 0.377083 0.028125 0.054167 
3 0.604688 0.378125 0.028125 0.056250 
9 0.629687 0.378125 0.025000 0.056250 
10 0.658594 0.378125 0.029687 0.060417 
11 0.685156 0.379167 0.029687 0.058333 
12 0.714063 0.379167 0.028125 0.058333 
13 0.740625 0.381250 0.028125 0.054167 
14 0.766406 0.382292 0.023438 0.056250 
11 0.792188 0.381250 0.028125 0.058333 
