0 0.253125 0.848958 0.028125 0.056250 
1 0.282031 0.846875 0.026562 0.060417 
2 0.310937 0.847917 0.028125 0.062500 
3 0.339844 0.847917 0.029687 0.066667 
4 0.367188 0.845833 0.028125 0.062500 
5 0.397656 0.845833 0.029687 0.062500 
6 0.426563 0.843750 0.028125 0.062500 
7 0.454688 0.842708 0.031250 0.068750 
6 0.484375 0.842708 0.031250 0.068750 
8 0.510938 0.841667 0.028125 0.070833 
9 0.536719 0.841667 0.029687 0.062500 
10 0.569531 0.838542 0.029687 0.068750 
11 0.595313 0.839583 0.028125 0.070833 
12 0.625781 0.834375 0.032813 0.064583 
13 0.657031 0.834375 0.029687 0.064583 
14 0.685937 0.831250 0.025000 0.066667 
11 0.712500 0.829167 0.031250 0.075000 
