0 0.337500 0.325000 0.028125 0.050000 
1 0.360156 0.325000 0.023438 0.050000 
2 0.388281 0.322917 0.026562 0.050000 
3 0.417187 0.320833 0.028125 0.058333 
4 0.443750 0.323958 0.025000 0.052083 
4 0.471094 0.321875 0.029687 0.052083 
7 0.496094 0.318750 0.023438 0.050000 
7 0.521875 0.321875 0.025000 0.052083 
6 0.551562 0.321875 0.028125 0.056250 
3 0.577344 0.320833 0.026562 0.054167 
9 0.603125 0.319792 0.025000 0.056250 
10 0.630469 0.320833 0.029687 0.058333 
11 0.657031 0.319792 0.023438 0.060417 
12 0.683594 0.319792 0.029687 0.056250 
13 0.712500 0.320833 0.025000 0.058333 
14 0.737500 0.321875 0.018750 0.056250 
11 0.763281 0.319792 0.029687 0.064583 
