0 0.253125 0.850000 0.031250 0.058333 
1 0.280469 0.848958 0.023438 0.064583 
2 0.308594 0.846875 0.029687 0.064583 
3 0.339844 0.845833 0.032813 0.066667 
4 0.368750 0.848958 0.028125 0.064583 
5 0.396094 0.845833 0.026562 0.066667 
6 0.425781 0.842708 0.029687 0.064583 
7 0.453906 0.842708 0.026562 0.060417 
6 0.482031 0.841667 0.029687 0.062500 
8 0.510938 0.840625 0.028125 0.064583 
9 0.536719 0.839583 0.026562 0.066667 
10 0.568750 0.838542 0.034375 0.064583 
11 0.597656 0.837500 0.026562 0.066667 
12 0.626563 0.834375 0.031250 0.064583 
13 0.654687 0.832292 0.025000 0.064583 
14 0.684375 0.833333 0.028125 0.066667 
11 0.714063 0.830208 0.031250 0.068750 
