0 0.289062 0.333333 0.028125 0.050000 
1 0.314063 0.330208 0.021875 0.047917 
2 0.340625 0.330208 0.025000 0.056250 
3 0.367969 0.327083 0.026562 0.054167 
4 0.393750 0.326042 0.025000 0.047917 
5 0.421875 0.321875 0.025000 0.052083 
6 0.448437 0.318750 0.025000 0.050000 
7 0.473438 0.316667 0.028125 0.050000 
6 0.500781 0.316667 0.026562 0.054167 
8 0.527344 0.314583 0.023438 0.054167 
9 0.552344 0.316667 0.026562 0.054167 
10 0.582031 0.309375 0.026562 0.056250 
11 0.607812 0.307292 0.028125 0.056250 
12 0.635156 0.306250 0.026562 0.062500 
13 0.660937 0.302083 0.021875 0.058333 
14 0.689063 0.302083 0.025000 0.058333 
11 0.714063 0.300000 0.028125 0.066667 
