0 0.253906 0.847917 0.029687 0.058333 
1 0.283594 0.848958 0.026562 0.064583 
2 0.312500 0.848958 0.028125 0.060417 
3 0.341406 0.848958 0.026562 0.064583 
4 0.368750 0.847917 0.028125 0.062500 
5 0.396875 0.846875 0.028125 0.060417 
6 0.426563 0.844792 0.031250 0.060417 
7 0.455469 0.844792 0.026562 0.064583 
6 0.484375 0.841667 0.031250 0.062500 
8 0.511719 0.840625 0.026562 0.060417 
9 0.537500 0.842708 0.028125 0.060417 
10 0.570312 0.841667 0.034375 0.066667 
11 0.597656 0.836458 0.026562 0.064583 
12 0.625000 0.835417 0.031250 0.066667 
13 0.655469 0.832292 0.026562 0.064583 
14 0.682813 0.833333 0.028125 0.070833 
11 0.713281 0.832292 0.029687 0.072917 
