0 0.257031 0.826042 0.029687 0.060417 
1 0.282813 0.825000 0.025000 0.062500 
2 0.313281 0.818750 0.032813 0.062500 
3 0.342969 0.814583 0.029687 0.062500 
4 0.371094 0.811458 0.032813 0.056250 
5 0.398438 0.804167 0.028125 0.062500 
6 0.427344 0.801042 0.032813 0.064583 
7 0.453906 0.795833 0.023438 0.062500 
6 0.482031 0.791667 0.032813 0.062500 
8 0.510938 0.785417 0.031250 0.062500 
9 0.538281 0.782292 0.026562 0.060417 
10 0.567969 0.776042 0.032813 0.060417 
11 0.594531 0.772917 0.026562 0.066667 
12 0.624219 0.767708 0.029687 0.064583 
13 0.652344 0.761458 0.029687 0.060417 
14 0.683594 0.758333 0.026562 0.062500 
11 0.710938 0.753125 0.031250 0.068750 
