0 0.317969 0.747917 0.026562 0.058333 
1 0.345313 0.748958 0.025000 0.060417 
2 0.376563 0.746875 0.028125 0.056250 
3 0.404687 0.747917 0.028125 0.062500 
4 0.432812 0.750000 0.031250 0.062500 
4 0.462500 0.746875 0.034375 0.060417 
7 0.489844 0.744792 0.023438 0.064583 
7 0.515625 0.742708 0.028125 0.060417 
6 0.546094 0.742708 0.029687 0.060417 
3 0.578125 0.741667 0.028125 0.066667 
9 0.603125 0.739583 0.028125 0.066667 
10 0.630469 0.739583 0.029687 0.066667 
11 0.660156 0.738542 0.029687 0.064583 
12 0.689844 0.738542 0.029687 0.064583 
13 0.716406 0.737500 0.026562 0.062500 
14 0.745313 0.736458 0.028125 0.064583 
11 0.774219 0.732292 0.026562 0.060417 
