0 0.316406 0.779167 0.026562 0.058333 
1 0.343750 0.779167 0.025000 0.058333 
2 0.375000 0.781250 0.028125 0.062500 
3 0.403125 0.783333 0.028125 0.062500 
4 0.431250 0.786458 0.028125 0.056250 
4 0.458594 0.789583 0.029687 0.058333 
7 0.487500 0.788542 0.028125 0.064583 
7 0.517188 0.789583 0.025000 0.062500 
6 0.546094 0.791667 0.026562 0.062500 
3 0.574219 0.791667 0.029687 0.062500 
9 0.600781 0.795833 0.026562 0.062500 
10 0.631250 0.793750 0.031250 0.062500 
11 0.660937 0.793750 0.028125 0.058333 
12 0.689844 0.796875 0.029687 0.060417 
13 0.717187 0.798958 0.025000 0.060417 
14 0.744531 0.801042 0.026562 0.056250 
11 0.773438 0.797917 0.028125 0.062500 
