0 0.317188 0.776042 0.028125 0.056250 
1 0.344531 0.775000 0.026562 0.062500 
2 0.374219 0.778125 0.026562 0.060417 
3 0.403906 0.779167 0.029687 0.062500 
4 0.432031 0.780208 0.029687 0.056250 
4 0.461719 0.782292 0.029687 0.060417 
7 0.489063 0.783333 0.028125 0.062500 
7 0.516406 0.781250 0.026562 0.062500 
6 0.546875 0.783333 0.031250 0.066667 
3 0.575000 0.786458 0.028125 0.064583 
9 0.602344 0.788542 0.026562 0.064583 
10 0.632812 0.787500 0.031250 0.066667 
11 0.661719 0.786458 0.029687 0.068750 
12 0.690625 0.791667 0.028125 0.062500 
13 0.717969 0.792708 0.026562 0.060417 
14 0.746094 0.791667 0.026562 0.062500 
11 0.773438 0.790625 0.031250 0.064583 
