0 0.361719 0.373958 0.026562 0.052083 
1 0.387500 0.376042 0.025000 0.056250 
2 0.414844 0.373958 0.026562 0.056250 
3 0.443750 0.373958 0.028125 0.060417 
4 0.469531 0.376042 0.026562 0.052083 
4 0.496875 0.378125 0.028125 0.056250 
7 0.524219 0.377083 0.026562 0.054167 
7 0.549219 0.378125 0.026562 0.056250 
6 0.579688 0.378125 0.028125 0.060417 
3 0.606250 0.378125 0.025000 0.060417 
9 0.631250 0.380208 0.025000 0.056250 
10 0.660156 0.378125 0.029687 0.056250 
11 0.685937 0.379167 0.025000 0.058333 
12 0.712500 0.380208 0.028125 0.060417 
13 0.739844 0.382292 0.026562 0.056250 
14 0.767188 0.383333 0.028125 0.054167 
11 0.793750 0.381250 0.031250 0.062500 
