0 0.335938 0.323958 0.028125 0.052083 
1 0.360156 0.323958 0.020313 0.052083 
2 0.389062 0.322917 0.028125 0.054167 
3 0.417969 0.322917 0.026562 0.054167 
4 0.443750 0.325000 0.031250 0.054167 
4 0.469531 0.325000 0.026562 0.054167 
7 0.495312 0.322917 0.025000 0.054167 
7 0.521875 0.319792 0.028125 0.052083 
6 0.550781 0.321875 0.029687 0.056250 
3 0.577344 0.321875 0.026562 0.056250 
9 0.603125 0.320833 0.025000 0.054167 
10 0.630469 0.319792 0.029687 0.060417 
11 0.657031 0.321875 0.026562 0.060417 
12 0.685156 0.319792 0.026562 0.056250 
13 0.713281 0.320833 0.023438 0.058333 
14 0.738281 0.321875 0.026562 0.060417 
11 0.764062 0.323958 0.028125 0.064583 
