0 0.316406 0.776042 0.029687 0.056250 
1 0.344531 0.777083 0.023438 0.058333 
2 0.375000 0.778125 0.031250 0.060417 
3 0.403906 0.778125 0.029687 0.060417 
4 0.432031 0.782292 0.029687 0.060417 
4 0.460156 0.781250 0.026562 0.058333 
7 0.487500 0.781250 0.028125 0.062500 
7 0.517188 0.784375 0.028125 0.064583 
6 0.546875 0.785417 0.028125 0.062500 
3 0.576562 0.787500 0.028125 0.066667 
9 0.603906 0.787500 0.026562 0.070833 
10 0.632812 0.786458 0.031250 0.068750 
11 0.662500 0.788542 0.028125 0.064583 
12 0.690625 0.790625 0.028125 0.064583 
13 0.718750 0.791667 0.028125 0.062500 
14 0.746875 0.792708 0.025000 0.060417 
11 0.774219 0.790625 0.029687 0.064583 
