0 0.303906 0.895833 0.029687 0.058333 
1 0.332031 0.895833 0.026562 0.062500 
2 0.360938 0.894792 0.028125 0.064583 
3 0.389062 0.892708 0.028125 0.064583 
4 0.419531 0.890625 0.029687 0.060417 
5 0.446094 0.889583 0.026562 0.062500 
6 0.475000 0.888542 0.028125 0.060417 
7 0.503125 0.887500 0.028125 0.062500 
6 0.535156 0.885417 0.032813 0.066667 
8 0.564063 0.888542 0.028125 0.064583 
9 0.589844 0.886458 0.026562 0.064583 
10 0.620313 0.882292 0.028125 0.060417 
11 0.648438 0.881250 0.025000 0.062500 
12 0.677344 0.880208 0.029687 0.060417 
13 0.705469 0.879167 0.026562 0.062500 
14 0.734375 0.880208 0.025000 0.064583 
11 0.760938 0.875000 0.028125 0.062500 
