0 0.208594 0.371875 0.029687 0.056250 
1 0.232031 0.369792 0.023438 0.056250 
2 0.260156 0.368750 0.026562 0.054167 
3 0.287500 0.367708 0.025000 0.056250 
4 0.314063 0.366667 0.028125 0.054167 
5 0.341406 0.361458 0.026562 0.056250 
6 0.369531 0.360417 0.026562 0.054167 
7 0.396094 0.359375 0.023438 0.056250 
6 0.421875 0.357292 0.028125 0.056250 
8 0.446875 0.358333 0.028125 0.054167 
9 0.472656 0.357292 0.026562 0.052083 
10 0.500000 0.352083 0.028125 0.062500 
11 0.527344 0.346875 0.026562 0.056250 
12 0.556250 0.345833 0.025000 0.054167 
13 0.582812 0.343750 0.021875 0.054167 
14 0.609375 0.340625 0.028125 0.056250 
11 0.636719 0.337500 0.023438 0.054167 
