0 0.288281 0.333333 0.026562 0.054167 
1 0.313281 0.330208 0.023438 0.052083 
2 0.341406 0.333333 0.029687 0.054167 
3 0.368750 0.329167 0.025000 0.054167 
4 0.393750 0.327083 0.031250 0.050000 
5 0.421875 0.321875 0.025000 0.056250 
6 0.447656 0.320833 0.026562 0.050000 
7 0.473438 0.317708 0.025000 0.052083 
6 0.500000 0.314583 0.028125 0.054167 
8 0.528125 0.317708 0.028125 0.056250 
9 0.551562 0.314583 0.025000 0.050000 
10 0.580469 0.307292 0.029687 0.052083 
11 0.607812 0.306250 0.025000 0.058333 
12 0.634375 0.305208 0.028125 0.056250 
13 0.662500 0.304167 0.021875 0.058333 
14 0.688281 0.301042 0.023438 0.056250 
11 0.713281 0.301042 0.026562 0.064583 
