0 0.335156 0.325000 0.023438 0.050000 
1 0.360156 0.322917 0.023438 0.054167 
2 0.388281 0.321875 0.026562 0.056250 
3 0.417187 0.320833 0.028125 0.058333 
4 0.442188 0.323958 0.025000 0.047917 
4 0.471875 0.323958 0.034375 0.052083 
7 0.497656 0.319792 0.023438 0.052083 
7 0.522656 0.318750 0.023438 0.054167 
6 0.550000 0.322917 0.034375 0.058333 
3 0.578906 0.321875 0.026562 0.052083 
9 0.603125 0.322917 0.028125 0.058333 
10 0.629687 0.320833 0.031250 0.058333 
11 0.657031 0.320833 0.026562 0.058333 
12 0.683594 0.320833 0.026562 0.054167 
13 0.710156 0.318750 0.026562 0.054167 
14 0.737500 0.318750 0.025000 0.058333 
11 0.763281 0.319792 0.026562 0.056250 
