0 0.317969 0.773958 0.026562 0.056250 
1 0.343750 0.772917 0.025000 0.058333 
2 0.375000 0.777083 0.028125 0.062500 
3 0.403125 0.778125 0.031250 0.064583 
4 0.431250 0.780208 0.025000 0.056250 
4 0.459375 0.782292 0.028125 0.060417 
7 0.489063 0.780208 0.025000 0.056250 
7 0.517188 0.781250 0.028125 0.062500 
6 0.546094 0.782292 0.029687 0.060417 
3 0.574219 0.785417 0.029687 0.062500 
9 0.600781 0.786458 0.029687 0.064583 
10 0.631250 0.787500 0.031250 0.066667 
11 0.662500 0.786458 0.031250 0.064583 
12 0.691406 0.788542 0.026562 0.060417 
13 0.719531 0.790625 0.026562 0.064583 
14 0.745313 0.790625 0.028125 0.068750 
11 0.775000 0.790625 0.028125 0.064583 
