0 0.316406 0.776042 0.026562 0.056250 
1 0.344531 0.776042 0.026562 0.060417 
2 0.374219 0.781250 0.029687 0.062500 
3 0.403125 0.781250 0.028125 0.066667 
4 0.430469 0.783333 0.026562 0.062500 
4 0.460156 0.789583 0.032813 0.062500 
7 0.489844 0.784375 0.029687 0.064583 
7 0.517969 0.787500 0.026562 0.062500 
6 0.546875 0.788542 0.028125 0.060417 
3 0.575000 0.791667 0.025000 0.062500 
9 0.600781 0.792708 0.026562 0.064583 
10 0.632812 0.793750 0.028125 0.062500 
11 0.660156 0.795833 0.029687 0.066667 
12 0.689844 0.798958 0.026562 0.064583 
13 0.718750 0.795833 0.025000 0.058333 
14 0.744531 0.800000 0.023438 0.062500 
11 0.771875 0.800000 0.031250 0.062500 
