0 0.288281 0.335417 0.032813 0.050000 
1 0.314844 0.332292 0.023438 0.052083 
2 0.340625 0.331250 0.025000 0.054167 
3 0.367969 0.327083 0.026562 0.054167 
4 0.394531 0.328125 0.026562 0.047917 
5 0.422656 0.323958 0.023438 0.047917 
6 0.449219 0.322917 0.023438 0.054167 
7 0.473438 0.318750 0.025000 0.054167 
6 0.501563 0.318750 0.028125 0.054167 
8 0.528125 0.315625 0.025000 0.052083 
9 0.551562 0.314583 0.025000 0.054167 
10 0.582031 0.309375 0.026562 0.056250 
11 0.607812 0.305208 0.025000 0.056250 
12 0.633594 0.305208 0.026562 0.052083 
13 0.661719 0.302083 0.023438 0.050000 
14 0.689063 0.301042 0.025000 0.056250 
11 0.713281 0.298958 0.023438 0.056250 
