0 0.288281 0.334375 0.029687 0.052083 
1 0.313281 0.333333 0.020313 0.058333 
2 0.340625 0.330208 0.028125 0.056250 
3 0.368750 0.329167 0.025000 0.054167 
4 0.394531 0.326042 0.026562 0.047917 
5 0.419531 0.325000 0.026562 0.054167 
6 0.447656 0.320833 0.026562 0.050000 
7 0.473438 0.316667 0.021875 0.050000 
6 0.500000 0.314583 0.028125 0.050000 
8 0.527344 0.314583 0.026562 0.058333 
9 0.551562 0.316667 0.025000 0.050000 
10 0.579688 0.309375 0.028125 0.052083 
11 0.606250 0.305208 0.028125 0.056250 
12 0.633594 0.303125 0.026562 0.056250 
13 0.661719 0.303125 0.020313 0.056250 
14 0.687500 0.302083 0.025000 0.054167 
11 0.714063 0.298958 0.028125 0.060417 
