0 0.257031 0.829167 0.032813 0.058333 
1 0.282813 0.827083 0.025000 0.062500 
2 0.314844 0.820833 0.029687 0.058333 
3 0.343750 0.817708 0.028125 0.060417 
4 0.371094 0.812500 0.029687 0.058333 
5 0.398438 0.806250 0.031250 0.066667 
6 0.428125 0.802083 0.031250 0.066667 
7 0.454688 0.797917 0.025000 0.062500 
6 0.483594 0.792708 0.032813 0.060417 
8 0.512500 0.788542 0.031250 0.060417 
9 0.539062 0.784375 0.028125 0.060417 
10 0.567969 0.778125 0.032813 0.068750 
11 0.596094 0.769792 0.026562 0.064583 
12 0.625781 0.766667 0.032813 0.062500 
13 0.652344 0.760417 0.026562 0.058333 
14 0.682813 0.756250 0.031250 0.062500 
11 0.710156 0.746875 0.029687 0.064583 
