0 0.287500 0.336458 0.028125 0.052083 
1 0.313281 0.330208 0.026562 0.056250 
2 0.341406 0.331250 0.026562 0.050000 
3 0.366406 0.328125 0.026562 0.056250 
4 0.393750 0.326042 0.028125 0.052083 
5 0.421094 0.323958 0.023438 0.052083 
6 0.448437 0.321875 0.028125 0.052083 
7 0.473438 0.316667 0.025000 0.054167 
6 0.500781 0.317708 0.029687 0.052083 
8 0.526563 0.313542 0.028125 0.056250 
9 0.553125 0.316667 0.028125 0.054167 
10 0.581250 0.308333 0.028125 0.050000 
11 0.607812 0.307292 0.025000 0.056250 
12 0.633594 0.304167 0.029687 0.054167 
13 0.661719 0.303125 0.023438 0.056250 
14 0.689063 0.301042 0.025000 0.052083 
11 0.714844 0.296875 0.026562 0.056250 
