0 0.288281 0.334375 0.026562 0.052083 
1 0.310937 0.331250 0.021875 0.054167 
2 0.341406 0.332292 0.029687 0.052083 
3 0.368750 0.328125 0.025000 0.052083 
4 0.394531 0.327083 0.026562 0.050000 
5 0.421094 0.323958 0.026562 0.052083 
6 0.447656 0.320833 0.026562 0.054167 
7 0.472656 0.316667 0.023438 0.054167 
6 0.501563 0.317708 0.028125 0.056250 
8 0.527344 0.315625 0.029687 0.056250 
9 0.553125 0.313542 0.025000 0.052083 
10 0.581250 0.310417 0.028125 0.058333 
11 0.606250 0.308333 0.028125 0.062500 
12 0.634375 0.304167 0.028125 0.054167 
13 0.661719 0.302083 0.023438 0.054167 
14 0.689844 0.300000 0.026562 0.054167 
11 0.714844 0.296875 0.026562 0.060417 
