0 0.361719 0.371875 0.029687 0.052083 
1 0.385937 0.371875 0.025000 0.056250 
2 0.415625 0.375000 0.028125 0.054167 
3 0.443750 0.375000 0.025000 0.054167 
4 0.469531 0.377083 0.026562 0.054167 
4 0.496094 0.378125 0.026562 0.052083 
7 0.523438 0.375000 0.025000 0.062500 
7 0.550781 0.378125 0.026562 0.056250 
6 0.578125 0.378125 0.025000 0.056250 
3 0.605469 0.378125 0.026562 0.056250 
9 0.632812 0.381250 0.025000 0.058333 
10 0.658594 0.379167 0.026562 0.058333 
11 0.686719 0.379167 0.026562 0.058333 
12 0.714063 0.381250 0.028125 0.058333 
13 0.739844 0.381250 0.026562 0.058333 
14 0.764844 0.384375 0.026562 0.060417 
11 0.793750 0.383333 0.025000 0.062500 
