0 0.331250 0.568750 0.031250 0.058333 
1 0.358594 0.567708 0.023438 0.056250 
2 0.386719 0.568750 0.029687 0.058333 
3 0.416406 0.563542 0.029687 0.056250 
4 0.444531 0.565625 0.029687 0.060417 
5 0.471875 0.564583 0.025000 0.058333 
6 0.499219 0.562500 0.029687 0.058333 
7 0.526563 0.560417 0.025000 0.058333 
6 0.553906 0.559375 0.026562 0.060417 
8 0.582812 0.560417 0.028125 0.062500 
9 0.607812 0.560417 0.025000 0.058333 
10 0.637500 0.556250 0.025000 0.058333 
11 0.664062 0.556250 0.028125 0.058333 
12 0.692187 0.557292 0.028125 0.060417 
13 0.719531 0.555208 0.026562 0.060417 
14 0.747656 0.557292 0.029687 0.064583 
11 0.775000 0.555208 0.025000 0.060417 
