0 0.288281 0.334375 0.029687 0.052083 
1 0.314063 0.333333 0.025000 0.054167 
2 0.342187 0.331250 0.028125 0.054167 
3 0.367188 0.328125 0.025000 0.056250 
4 0.392969 0.330208 0.029687 0.056250 
5 0.421875 0.325000 0.028125 0.054167 
6 0.449219 0.320833 0.026562 0.058333 
7 0.474219 0.319792 0.023438 0.052083 
6 0.501563 0.318750 0.025000 0.054167 
8 0.526563 0.313542 0.028125 0.052083 
9 0.553125 0.315625 0.025000 0.052083 
10 0.582031 0.308333 0.026562 0.054167 
11 0.606250 0.309375 0.025000 0.060417 
12 0.634375 0.307292 0.028125 0.056250 
13 0.662500 0.303125 0.021875 0.060417 
14 0.687500 0.300000 0.021875 0.058333 
11 0.713281 0.300000 0.026562 0.066667 
