0 0.361719 0.373958 0.026562 0.052083 
1 0.385937 0.375000 0.025000 0.058333 
2 0.414062 0.376042 0.028125 0.056250 
3 0.442969 0.376042 0.026562 0.056250 
4 0.469531 0.377083 0.026562 0.058333 
4 0.496094 0.379167 0.029687 0.054167 
7 0.523438 0.377083 0.028125 0.058333 
7 0.549219 0.377083 0.026562 0.062500 
6 0.577344 0.376042 0.026562 0.056250 
3 0.606250 0.378125 0.028125 0.060417 
9 0.629687 0.378125 0.025000 0.060417 
10 0.659375 0.380208 0.028125 0.056250 
11 0.685937 0.377083 0.025000 0.062500 
12 0.712500 0.380208 0.028125 0.056250 
13 0.739062 0.383333 0.025000 0.054167 
14 0.765625 0.383333 0.025000 0.054167 
11 0.792188 0.382292 0.028125 0.056250 
