0 0.288281 0.336458 0.026562 0.052083 
1 0.312500 0.332292 0.021875 0.056250 
2 0.341406 0.330208 0.026562 0.052083 
3 0.367969 0.329167 0.026562 0.054167 
4 0.394531 0.327083 0.026562 0.050000 
5 0.421094 0.322917 0.026562 0.050000 
6 0.449219 0.322917 0.026562 0.054167 
7 0.474219 0.318750 0.023438 0.050000 
6 0.502344 0.317708 0.029687 0.052083 
8 0.528125 0.314583 0.025000 0.050000 
9 0.550781 0.315625 0.026562 0.052083 
10 0.582031 0.309375 0.026562 0.052083 
11 0.607031 0.306250 0.023438 0.054167 
12 0.633594 0.304167 0.026562 0.054167 
13 0.661719 0.301042 0.023438 0.052083 
14 0.688281 0.300000 0.026562 0.054167 
11 0.714063 0.300000 0.025000 0.062500 
