0 0.335938 0.325000 0.028125 0.050000 
1 0.361719 0.323958 0.023438 0.052083 
2 0.388281 0.321875 0.026562 0.052083 
3 0.416406 0.321875 0.029687 0.056250 
4 0.442969 0.321875 0.026562 0.047917 
4 0.470313 0.325000 0.031250 0.054167 
7 0.496875 0.325000 0.025000 0.058333 
7 0.523438 0.320833 0.028125 0.058333 
6 0.553125 0.322917 0.028125 0.054167 
3 0.578125 0.320833 0.028125 0.058333 
9 0.603125 0.320833 0.025000 0.054167 
10 0.630469 0.321875 0.032813 0.056250 
11 0.657031 0.319792 0.026562 0.060417 
12 0.683594 0.318750 0.026562 0.058333 
13 0.712500 0.319792 0.028125 0.056250 
14 0.737500 0.318750 0.021875 0.054167 
11 0.764062 0.319792 0.028125 0.060417 
