0 0.245312 0.444792 0.028125 0.056250 
1 0.270313 0.444792 0.021875 0.056250 
2 0.298438 0.444792 0.031250 0.056250 
3 0.327344 0.442708 0.026562 0.060417 
4 0.354687 0.442708 0.028125 0.056250 
5 0.380469 0.439583 0.026562 0.058333 
6 0.408594 0.436458 0.026562 0.060417 
7 0.434375 0.435417 0.028125 0.058333 
6 0.461719 0.434375 0.026562 0.056250 
8 0.488281 0.432292 0.026562 0.056250 
9 0.512500 0.434375 0.028125 0.060417 
10 0.543750 0.430208 0.031250 0.060417 
11 0.570312 0.427083 0.021875 0.062500 
12 0.597656 0.426042 0.026562 0.056250 
13 0.625000 0.427083 0.025000 0.058333 
14 0.653125 0.427083 0.025000 0.066667 
11 0.678906 0.423958 0.029687 0.064583 
