0 0.295312 0.613542 0.028125 0.056250 
1 0.320312 0.612500 0.025000 0.054167 
2 0.350000 0.613542 0.028125 0.060417 
3 0.378125 0.608333 0.028125 0.058333 
4 0.405469 0.608333 0.029687 0.058333 
5 0.433594 0.603125 0.026562 0.056250 
6 0.461719 0.601042 0.029687 0.060417 
7 0.487500 0.596875 0.021875 0.056250 
6 0.516406 0.596875 0.032813 0.060417 
8 0.546875 0.593750 0.028125 0.054167 
9 0.571094 0.590625 0.026562 0.052083 
10 0.600000 0.587500 0.031250 0.066667 
11 0.628906 0.584375 0.026562 0.064583 
12 0.655469 0.579167 0.029687 0.058333 
13 0.685156 0.575000 0.026562 0.058333 
14 0.710156 0.573958 0.026562 0.064583 
11 0.739062 0.570833 0.028125 0.066667 
