0 0.288281 0.335417 0.029687 0.050000 
1 0.313281 0.331250 0.023438 0.050000 
2 0.341406 0.332292 0.029687 0.052083 
3 0.367188 0.329167 0.028125 0.058333 
4 0.394531 0.329167 0.026562 0.054167 
5 0.420312 0.321875 0.028125 0.047917 
6 0.450000 0.321875 0.028125 0.056250 
7 0.474219 0.317708 0.023438 0.056250 
6 0.500000 0.316667 0.028125 0.054167 
8 0.526563 0.315625 0.025000 0.056250 
9 0.551562 0.313542 0.028125 0.056250 
10 0.579688 0.310417 0.028125 0.054167 
11 0.606250 0.306250 0.028125 0.058333 
12 0.632812 0.306250 0.025000 0.054167 
13 0.660156 0.303125 0.026562 0.056250 
14 0.687500 0.300000 0.028125 0.054167 
11 0.713281 0.300000 0.029687 0.062500 
