0 0.304688 0.898958 0.031250 0.060417 
1 0.329688 0.896875 0.021875 0.060417 
2 0.359375 0.893750 0.028125 0.058333 
3 0.388281 0.889583 0.029687 0.062500 
4 0.417969 0.890625 0.029687 0.056250 
5 0.446875 0.890625 0.028125 0.056250 
6 0.475781 0.888542 0.026562 0.064583 
7 0.503125 0.886458 0.028125 0.060417 
6 0.532813 0.887500 0.028125 0.062500 
8 0.561719 0.886458 0.029687 0.060417 
9 0.591406 0.886458 0.026562 0.064583 
10 0.620313 0.882292 0.028125 0.060417 
11 0.648438 0.880208 0.028125 0.064583 
12 0.678906 0.880208 0.029687 0.060417 
13 0.705469 0.882292 0.026562 0.064583 
14 0.734375 0.877083 0.028125 0.062500 
11 0.762500 0.876042 0.028125 0.064583 
