0 0.321875 0.748958 0.028125 0.060417 
1 0.347656 0.745833 0.023438 0.062500 
2 0.377344 0.745833 0.029687 0.062500 
3 0.405469 0.746875 0.029687 0.064583 
4 0.432031 0.747917 0.029687 0.062500 
4 0.463281 0.748958 0.029687 0.064583 
7 0.488281 0.743750 0.026562 0.062500 
7 0.515625 0.742708 0.028125 0.064583 
6 0.546875 0.743750 0.031250 0.062500 
3 0.575781 0.743750 0.026562 0.066667 
9 0.602344 0.741667 0.026562 0.066667 
10 0.633594 0.740625 0.029687 0.064583 
11 0.660937 0.739583 0.028125 0.066667 
12 0.689063 0.738542 0.028125 0.064583 
13 0.717969 0.737500 0.026562 0.062500 
14 0.745313 0.735417 0.025000 0.058333 
11 0.775000 0.735417 0.031250 0.062500 
