0 0.253906 0.848958 0.029687 0.060417 
1 0.281250 0.848958 0.021875 0.060417 
2 0.310937 0.847917 0.031250 0.062500 
3 0.340625 0.848958 0.028125 0.064583 
4 0.367188 0.846875 0.028125 0.060417 
5 0.396875 0.845833 0.028125 0.062500 
6 0.425781 0.842708 0.029687 0.060417 
7 0.452344 0.840625 0.029687 0.060417 
6 0.484375 0.841667 0.031250 0.062500 
8 0.513281 0.841667 0.026562 0.062500 
9 0.536719 0.840625 0.029687 0.068750 
10 0.570312 0.839583 0.031250 0.066667 
11 0.598437 0.836458 0.028125 0.064583 
12 0.627344 0.834375 0.026562 0.064583 
13 0.656250 0.832292 0.028125 0.064583 
14 0.685156 0.832292 0.026562 0.068750 
11 0.714063 0.828125 0.031250 0.068750 
