0 0.382812 0.575000 0.028125 0.054167 
1 0.409375 0.573958 0.021875 0.056250 
2 0.439063 0.575000 0.028125 0.058333 
3 0.468750 0.572917 0.028125 0.058333 
4 0.496094 0.571875 0.029687 0.056250 
4 0.523438 0.571875 0.028125 0.056250 
7 0.550781 0.569792 0.026562 0.060417 
7 0.578906 0.570833 0.029687 0.062500 
6 0.607812 0.569792 0.031250 0.064583 
3 0.635156 0.566667 0.029687 0.058333 
9 0.662500 0.565625 0.028125 0.060417 
10 0.691406 0.568750 0.032813 0.062500 
11 0.719531 0.564583 0.026562 0.062500 
12 0.746875 0.565625 0.028125 0.060417 
13 0.773438 0.564583 0.025000 0.058333 
14 0.800000 0.566667 0.025000 0.058333 
11 0.827344 0.562500 0.032813 0.062500 
