0 0.288281 0.335417 0.032813 0.050000 
1 0.314063 0.334375 0.021875 0.056250 
2 0.342187 0.332292 0.028125 0.056250 
3 0.368750 0.328125 0.025000 0.056250 
4 0.393750 0.326042 0.028125 0.052083 
5 0.421094 0.322917 0.026562 0.050000 
6 0.449219 0.320833 0.029687 0.054167 
7 0.474219 0.319792 0.020313 0.056250 
6 0.500000 0.316667 0.031250 0.054167 
8 0.527344 0.316667 0.026562 0.058333 
9 0.550781 0.315625 0.029687 0.052083 
10 0.581250 0.311458 0.028125 0.056250 
11 0.607812 0.305208 0.025000 0.056250 
12 0.633594 0.304167 0.026562 0.054167 
13 0.662500 0.300000 0.021875 0.050000 
14 0.688281 0.301042 0.023438 0.060417 
11 0.712500 0.301042 0.025000 0.064583 
