0 0.383594 0.576042 0.029687 0.056250 
1 0.408594 0.573958 0.023438 0.056250 
2 0.440625 0.576042 0.034375 0.060417 
3 0.468750 0.573958 0.031250 0.060417 
4 0.496094 0.572917 0.029687 0.054167 
4 0.524219 0.572917 0.032813 0.058333 
7 0.549219 0.571875 0.023438 0.060417 
7 0.577344 0.569792 0.026562 0.060417 
6 0.607812 0.569792 0.031250 0.064583 
3 0.635156 0.568750 0.026562 0.062500 
9 0.660937 0.568750 0.025000 0.062500 
10 0.689063 0.569792 0.034375 0.064583 
11 0.717969 0.565625 0.029687 0.064583 
12 0.746094 0.565625 0.026562 0.064583 
13 0.774219 0.561458 0.029687 0.060417 
14 0.802344 0.564583 0.026562 0.070833 
11 0.827344 0.564583 0.026562 0.066667 
