0 0.335938 0.321875 0.028125 0.052083 
1 0.361719 0.321875 0.023438 0.052083 
2 0.387500 0.321875 0.028125 0.056250 
3 0.417969 0.321875 0.029687 0.060417 
4 0.442969 0.323958 0.026562 0.052083 
4 0.469531 0.322917 0.026562 0.050000 
7 0.495312 0.319792 0.025000 0.052083 
7 0.521094 0.320833 0.026562 0.054167 
6 0.551562 0.320833 0.031250 0.054167 
3 0.578125 0.320833 0.028125 0.062500 
9 0.603125 0.321875 0.025000 0.060417 
10 0.632031 0.321875 0.029687 0.060417 
11 0.658594 0.318750 0.026562 0.058333 
12 0.683594 0.320833 0.029687 0.058333 
13 0.713281 0.319792 0.026562 0.056250 
14 0.739844 0.318750 0.023438 0.054167 
11 0.763281 0.319792 0.026562 0.056250 
