0 0.303906 0.897917 0.032813 0.062500 
1 0.331250 0.895833 0.028125 0.066667 
2 0.361719 0.894792 0.029687 0.064583 
3 0.388281 0.892708 0.026562 0.064583 
4 0.418750 0.893750 0.031250 0.058333 
5 0.446875 0.889583 0.028125 0.062500 
6 0.475781 0.889583 0.029687 0.062500 
7 0.503906 0.887500 0.026562 0.062500 
6 0.534375 0.887500 0.031250 0.066667 
8 0.562500 0.885417 0.028125 0.062500 
9 0.589844 0.886458 0.026562 0.064583 
10 0.619531 0.883333 0.029687 0.062500 
11 0.647656 0.883333 0.026562 0.062500 
12 0.677344 0.881250 0.029687 0.062500 
13 0.705469 0.881250 0.026562 0.066667 
14 0.735938 0.880208 0.031250 0.064583 
11 0.762500 0.876042 0.025000 0.068750 
