0 0.207031 0.372917 0.026562 0.054167 
1 0.232031 0.369792 0.023438 0.052083 
2 0.261719 0.370833 0.029687 0.054167 
3 0.289062 0.368750 0.025000 0.054167 
4 0.313281 0.368750 0.026562 0.050000 
5 0.341406 0.363542 0.023438 0.052083 
6 0.367969 0.359375 0.029687 0.056250 
7 0.393750 0.358333 0.025000 0.058333 
6 0.420312 0.357292 0.028125 0.056250 
8 0.446094 0.353125 0.026562 0.052083 
9 0.471094 0.356250 0.026562 0.054167 
10 0.500000 0.350000 0.028125 0.058333 
11 0.528125 0.346875 0.025000 0.056250 
12 0.554688 0.346875 0.028125 0.056250 
13 0.582031 0.344792 0.026562 0.060417 
14 0.608594 0.344792 0.026562 0.060417 
11 0.635938 0.339583 0.028125 0.058333 
