0 0.304688 0.895833 0.031250 0.058333 
1 0.329688 0.894792 0.025000 0.060417 
2 0.361719 0.891667 0.032813 0.062500 
3 0.391406 0.891667 0.029687 0.062500 
4 0.418750 0.894792 0.028125 0.060417 
5 0.447656 0.890625 0.026562 0.060417 
6 0.475000 0.890625 0.028125 0.060417 
7 0.503125 0.887500 0.028125 0.062500 
6 0.534375 0.887500 0.031250 0.062500 
8 0.561719 0.886458 0.026562 0.060417 
9 0.588281 0.886458 0.029687 0.064583 
10 0.618750 0.883333 0.028125 0.066667 
11 0.646875 0.882292 0.028125 0.068750 
12 0.677344 0.881250 0.029687 0.070833 
13 0.705469 0.880208 0.026562 0.060417 
14 0.735156 0.878125 0.023438 0.060417 
11 0.760938 0.875000 0.028125 0.058333 
