0 0.384375 0.575000 0.028125 0.058333 
1 0.409375 0.577083 0.025000 0.062500 
2 0.439063 0.573958 0.028125 0.064583 
3 0.468750 0.571875 0.028125 0.064583 
4 0.494531 0.571875 0.029687 0.056250 
4 0.524219 0.575000 0.029687 0.058333 
7 0.549219 0.570833 0.029687 0.062500 
7 0.578125 0.569792 0.025000 0.064583 
6 0.609375 0.568750 0.031250 0.058333 
3 0.636719 0.568750 0.029687 0.066667 
9 0.660937 0.565625 0.025000 0.060417 
10 0.691406 0.567708 0.029687 0.064583 
11 0.718750 0.563542 0.025000 0.056250 
12 0.746875 0.567708 0.028125 0.064583 
13 0.774219 0.565625 0.026562 0.060417 
14 0.800781 0.566667 0.026562 0.062500 
11 0.830469 0.562500 0.029687 0.066667 
